,shape,rate,atr_fib,cancer,copd,demen,diab,h_fail,hypert,ihd,renal,liver,stroke,atr_fib:age,cancer:age,copd:age,demen:age,diab:age,h_fail:age,hypert:age,ihd:age,renal:age,liver:age,stroke:age
shape,3.78E-07,-2.98E-05,1.55E-06,9.65E-06,8.88E-06,4.61E-06,5.80E-06,-8.98E-07,1.78E-05,-8.39E-07,4.63E-06,3.24E-06,2.05E-06,-2.18E-08,-1.23E-07,-1.12E-07,-6.23E-08,-7.37E-08,1.07E-08,-2.38E-07,8.98E-09,-6.25E-08,-4.26E-08,-2.71E-08
rate,-2.98E-05,0.002397573,-0.000118422,-0.000815468,-0.000752048,-0.000346829,-0.00049061,8.68E-05,-0.001433768,8.43E-05,-0.0003653,-0.000256416,-0.000165446,1.61E-06,1.02E-05,9.32E-06,4.59E-06,6.11E-06,-1.03E-06,1.87E-05,-9.36E-07,4.81E-06,3.31E-06,2.14E-06
atr_fib,1.55E-06,-0.000118422,0.011578056,-0.000294301,-0.000166477,-0.00083584,-0.00012515,-0.003689261,-0.000533406,-0.000554705,-0.000559795,-0.000353754,-0.001147987,-0.000138913,3.53E-06,2.05E-06,9.93E-06,1.43E-06,4.42E-05,6.58E-06,6.64E-06,6.82E-06,3.96E-06,1.39E-05
cancer,9.65E-06,-0.000815468,-0.000294301,0.005304141,-0.000215231,-0.000264207,-0.000156411,-0.000105231,-0.000220069,-0.000254122,-0.000171884,-0.00065678,-0.000107074,3.56E-06,-6.61E-05,2.73E-06,3.05E-06,1.96E-06,1.22E-06,2.87E-06,3.16E-06,2.14E-06,8.15E-06,1.32E-06
copd,8.88E-06,-0.000752048,-0.000166477,-0.000215231,0.006151404,-0.000134231,-0.000358945,-0.000830653,-0.000119149,-0.000625618,7.76E-06,-0.000943562,-0.000303754,2.17E-06,2.69E-06,-7.79E-05,1.49E-06,4.49E-06,1.02E-05,1.47E-06,7.60E-06,-6.25E-08,1.21E-05,3.63E-06
demen,4.61E-06,-0.000346829,-0.00083584,-0.000264207,-0.000134231,0.015052166,1.07E-05,-0.000766482,-6.66E-05,-0.000668716,-0.000534283,-0.001827761,-0.002196645,9.85E-06,3.12E-06,1.34E-06,-0.000177005,-2.96E-07,9.29E-06,7.05E-07,7.87E-06,6.31E-06,2.22E-05,2.65E-05
diab,5.80E-06,-0.00049061,-0.00012515,-0.000156411,-0.000358945,1.07E-05,0.005455294,-0.00046169,-0.000886273,-0.000390872,-0.00042648,-0.000988457,-0.000256652,1.56E-06,1.94E-06,4.48E-06,-7.93E-08,-6.79E-05,5.58E-06,1.08E-05,4.73E-06,5.22E-06,1.22E-05,3.08E-06
h_fail,-8.98E-07,8.68E-05,-0.003689261,-0.000105231,-0.000830653,-0.000766482,-0.00046169,0.013460689,-0.000346539,-0.003389521,-0.000947003,-0.000415668,-0.000444846,4.42E-05,1.20E-06,1.00E-05,9.07E-06,5.58E-06,-0.000161706,4.37E-06,4.06E-05,1.14E-05,4.98E-06,5.34E-06
hypert,1.78E-05,-0.001433768,-0.000533406,-0.000220069,-0.000119149,-6.66E-05,-0.000886273,-0.000346539,0.004235421,-0.000489686,-0.001081562,0.000236743,-0.000779606,6.65E-06,2.80E-06,1.33E-06,1.02E-06,1.08E-05,4.44E-06,-5.32E-05,5.98E-06,1.35E-05,-3.14E-06,9.69E-06
ihd,-8.39E-07,8.43E-05,-0.000554705,-0.000254122,-0.000625618,-0.000668716,-0.000390872,-0.003389521,-0.000489686,0.018080123,-0.000600099,-0.000784792,-0.000745636,6.63E-06,3.19E-06,7.66E-06,7.63E-06,4.73E-06,4.05E-05,5.90E-06,-0.000219446,7.27E-06,1.03E-05,8.87E-06
renal,4.63E-06,-0.0003653,-0.000559795,-0.000171884,7.76E-06,-0.000534283,-0.00042648,-0.000947003,-0.001081562,-0.000600099,0.006394595,-0.000113229,-0.000377305,6.79E-06,2.12E-06,-2.43E-07,6.41E-06,5.06E-06,1.15E-05,1.34E-05,7.29E-06,-7.77E-05,1.16E-06,4.50E-06
liver,3.24E-06,-0.000256416,-0.000353754,-0.00065678,-0.000943562,-0.001827761,-0.000988457,-0.000415668,0.000236743,-0.000784792,-0.000113229,0.03848114,-0.000420612,4.21E-06,8.09E-06,1.21E-05,2.07E-05,1.24E-05,4.76E-06,-2.90E-06,9.41E-06,1.26E-06,-0.000514435,4.97E-06
stroke,2.05E-06,-0.000165446,-0.001147987,-0.000107074,-0.000303754,-0.002196645,-0.000256652,-0.000444846,-0.000779606,-0.000745636,-0.000377305,-0.000420612,0.009352396,1.39E-05,1.30E-06,3.57E-06,2.65E-05,3.06E-06,5.37E-06,9.68E-06,8.92E-06,4.46E-06,5.00E-06,-0.000112848
atr_fib:age,-2.18E-08,1.61E-06,-0.000138913,3.56E-06,2.17E-06,9.85E-06,1.56E-06,4.42E-05,6.65E-06,6.63E-06,6.79E-06,4.21E-06,1.39E-05,1.68E-06,-4.30E-08,-2.72E-08,-1.17E-07,-1.82E-08,-5.35E-07,-8.30E-08,-8.02E-08,-8.33E-08,-4.81E-08,-1.70E-07
cancer:age,-1.23E-07,1.02E-05,3.53E-06,-6.61E-05,2.69E-06,3.12E-06,1.94E-06,1.20E-06,2.80E-06,3.19E-06,2.12E-06,8.09E-06,1.30E-06,-4.30E-08,8.38E-07,-3.45E-08,-3.58E-08,-2.46E-08,-1.39E-08,-3.69E-08,-3.99E-08,-2.65E-08,-1.02E-07,-1.62E-08
copd:age,-1.12E-07,9.32E-06,2.05E-06,2.73E-06,-7.79E-05,1.34E-06,4.48E-06,1.00E-05,1.33E-06,7.66E-06,-2.43E-07,1.21E-05,3.57E-06,-2.72E-08,-3.45E-08,1.00E-06,-1.48E-08,-5.65E-08,-1.25E-07,-1.66E-08,-9.42E-08,2.37E-09,-1.55E-07,-4.31E-08
demen:age,-6.23E-08,4.59E-06,9.93E-06,3.05E-06,1.49E-06,-0.000177005,-7.93E-08,9.07E-06,1.02E-06,7.63E-06,6.41E-06,2.07E-05,2.65E-05,-1.17E-07,-3.58E-08,-1.48E-08,2.10E-06,2.64E-09,-1.10E-07,-1.09E-08,-8.99E-08,-7.59E-08,-2.52E-07,-3.22E-07
diab:age,-7.37E-08,6.11E-06,1.43E-06,1.96E-06,4.49E-06,-2.96E-07,-6.79E-05,5.58E-06,1.08E-05,4.73E-06,5.06E-06,1.24E-05,3.06E-06,-1.82E-08,-2.46E-08,-5.65E-08,2.64E-09,8.56E-07,-6.83E-08,-1.33E-07,-5.80E-08,-6.29E-08,-1.55E-07,-3.71E-08
h_fail:age,1.07E-08,-1.03E-06,4.42E-05,1.22E-06,1.02E-05,9.29E-06,5.58E-06,-0.000161706,4.44E-06,4.05E-05,1.15E-05,4.76E-06,5.37E-06,-5.35E-07,-1.39E-08,-1.25E-07,-1.10E-07,-6.83E-08,1.96E-06,-5.66E-08,-4.90E-07,-1.40E-07,-5.74E-08,-6.48E-08
hypert:age,-2.38E-07,1.87E-05,6.58E-06,2.87E-06,1.47E-06,7.05E-07,1.08E-05,4.37E-06,-5.32E-05,5.90E-06,1.34E-05,-2.90E-06,9.68E-06,-8.30E-08,-3.69E-08,-1.66E-08,-1.09E-08,-1.33E-07,-5.66E-08,6.80E-07,-7.30E-08,-1.69E-07,3.85E-08,-1.22E-07
ihd:age,8.98E-09,-9.36E-07,6.64E-06,3.16E-06,7.60E-06,7.87E-06,4.73E-06,4.06E-05,5.98E-06,-0.000219446,7.29E-06,9.41E-06,8.92E-06,-8.02E-08,-3.99E-08,-9.42E-08,-8.99E-08,-5.80E-08,-4.90E-07,-7.30E-08,2.70E-06,-8.93E-08,-1.23E-07,-1.07E-07
renal:age,-6.25E-08,4.81E-06,6.82E-06,2.14E-06,-6.25E-08,6.31E-06,5.22E-06,1.14E-05,1.35E-05,7.27E-06,-7.77E-05,1.26E-06,4.46E-06,-8.33E-08,-2.65E-08,2.37E-09,-7.59E-08,-6.29E-08,-1.40E-07,-1.69E-07,-8.93E-08,9.56E-07,-1.30E-08,-5.35E-08
liver:age,-4.26E-08,3.31E-06,3.96E-06,8.15E-06,1.21E-05,2.22E-05,1.22E-05,4.98E-06,-3.14E-06,1.03E-05,1.16E-06,-0.000514435,5.00E-06,-4.81E-08,-1.02E-07,-1.55E-07,-2.52E-07,-1.55E-07,-5.74E-08,3.85E-08,-1.23E-07,-1.30E-08,7.02E-06,-5.98E-08
stroke:age,-2.71E-08,2.14E-06,1.39E-05,1.32E-06,3.63E-06,2.65E-05,3.08E-06,5.34E-06,9.69E-06,8.87E-06,4.50E-06,4.97E-06,-0.000112848,-1.70E-07,-1.62E-08,-4.31E-08,-3.22E-07,-3.71E-08,-6.48E-08,-1.22E-07,-1.07E-07,-5.35E-08,-5.98E-08,1.38E-06
